{
 "cells": [
  {
   "attachments": {},
   "cell_type": "markdown",
   "metadata": {},
   "source": [
    "Relation is\n",
    "\n",
    "- $K_v = \\hat{M} \\Lambda + \\hat{C} + K_d$\n",
    "- $K_p = \\hat{M} \\dot{\\Lambda} + (\\hat{C} + K_d) \\Lambda$"
   ]
  },
  {
   "cell_type": "code",
   "execution_count": null,
   "metadata": {},
   "outputs": [],
   "source": [
    "import numpy as np"
   ]
  },
  {
   "cell_type": "code",
   "execution_count": null,
   "metadata": {},
   "outputs": [],
   "source": [
    "# Input matrices\n",
    "Lambda = np.array([\n",
    "    [1, 0, 0, 0, 0, 0, 0],\n",
    "    [0, 1, 0, 0, 0, 0, 0],\n",
    "    [0, 0, 1, 0, 0, 0, 0],\n",
    "\t[0, 0, 0, 1, 0, 0, 0],\n",
    "    [0, 0, 0, 0, 0.5, 0, 0],\n",
    "    [0, 0, 0, 0, 0, 0.5, 0],\n",
    "\t[0, 0, 0, 0, 0, 0, 0.1],\n",
    "]) * 2\n",
    "\n",
    "Kd = np.array([\n",
    "    [1, 0, 0, 0, 0, 0, 0],\n",
    "    [0, 1, 0, 0, 0, 0, 0],\n",
    "    [0, 0, 1, 0, 0, 0, 0],\n",
    "\t[0, 0, 0, 1, 0, 0, 0],\n",
    "    [0, 0, 0, 0, 0.5, 0, 0],\n",
    "    [0, 0, 0, 0, 0, 0.5, 0],\n",
    "\t[0, 0, 0, 0, 0, 0, 0.1],\n",
    "]) * 15\n",
    "\n",
    "M = np.array([\n",
    "[\t0.715633,   -0.0226453,       0.7467,   -0.0088177,     0.016348,   0.00108599,  -0.00736232],\n",
    "[  -0.0226453,        1.445,   -0.0193455,    -0.598977,   -0.0128032,   -0.0452752,  0.000384112],\n",
    "[      0.7467,   -0.0193455,     0.878948,   -0.0143178,    0.0103574,  0.000595736,  -0.00655522],\n",
    "[  -0.0088177,    -0.598977,   -0.0143178,     0.788736,    0.0234674,    0.0931755,  -0.00130166],\n",
    "[    0.016348,   -0.0128032,    0.0103574,    0.0234674,    0.0278546,  0.000819962, -0.000794856],\n",
    "[  0.00108599,   -0.0452752,  0.000595736,    0.0931755,  0.000819962,    0.0325567,  -0.00157036],\n",
    "[ -0.00736232,  0.000384112,  -0.00655522,  -0.00130166, -0.000794856,  -0.00157036,   0.00490965]\n",
    "])\n",
    "\n",
    "\n",
    "# Perform matrix multiplication\n",
    "Kv = np.dot(M, Lambda) + Kd\n",
    "Kp = Lambda*Kd\n",
    "\n",
    "\n",
    "Kp_CT = np.array([\n",
    "    [30, 0, 0, 0, 0, 0, 0],\n",
    "    [0, 30, 0, 0, 0, 0, 0],\n",
    "    [0, 0, 30, 0, 0, 0, 0],\n",
    "\t[0, 0, 0, 30, 0, 0, 0],\n",
    "    [0, 0, 0, 0, 15, 0, 0],\n",
    "    [0, 0, 0, 0, 0, 15, 0],\n",
    "\t[0, 0, 0, 0, 0, 0, 3],\n",
    "])\n",
    "\n",
    "Kv_CT = np.array([\n",
    "    [15, 0, 0, 0, 0, 0, 0],\n",
    "    [0, 15, 0, 0, 0, 0, 0],\n",
    "    [0, 0, 15, 0, 0, 0, 0],\n",
    "\t[0, 0, 0, 15, 0, 0, 0],\n",
    "    [0, 0, 0, 0, 7.5, 0, 0],\n",
    "    [0, 0, 0, 0, 0, 7.5, 0],\n",
    "\t[0, 0, 0, 0, 0, 0, 1.5],\n",
    "])\n",
    "\n",
    "print(\"Kv: \")\n",
    "print(Kv)\n",
    "\n",
    "print(\"\\nKp: \")\n",
    "print(Kp)\n",
    "\n",
    "print(\"norm Kv: \")\n",
    "print(np.linalg.norm(Kv))\n",
    "print(\"norm Kp: \")\n",
    "print(np.linalg.norm(Kp))\n",
    "\n",
    "print(\"norm Kv_CT: \")\n",
    "print(np.linalg.norm(Kv_CT))\n",
    "\n",
    "print(\"norm Kp_CT: \")\n",
    "print(np.linalg.norm(Kp_CT))"
   ]
  },
  {
   "attachments": {},
   "cell_type": "markdown",
   "metadata": {},
   "source": []
  }
 ],
 "metadata": {
  "language_info": {
   "name": "python"
  },
  "orig_nbformat": 4
 },
 "nbformat": 4,
 "nbformat_minor": 2
}
